team1 = [
41020000.0,
31240000.0,
47830000.0,
56460000.0,
6160000.0,
91330000.0,
92420000.0,
10580000.0,
68710000.0,
56230000.0,
50520000.0,
68530000.0,
58830000.0,
6200000.0,
59810000.0,
37740000.0,
11400050.0,
82730000.0,
57370000.0,
41840000.0,
9430000.0,
41690000.0,
25790000.0,
56430000.0,
58810000.0,
44680000.0,
27960000.0,
53640000.0,
70660000.0,
53990000.0,
31280000.0,
43110000.0,
87350000.0,
7270000.0,
66830000.0,
48430000.0,
30840000.0,
49930000.0,
4120000.0,
69670000.0,
54470000.0,
]

team2 = []

team3 = []